
In the experiment for learning the ground state energy of the molecular hydrogen Hamiltonian, we choose the parameters as follow:


We choose 30 initial parameters for training deep quantum neural networks (unit: rad) :

0 0 0 0 0 0 0 0 1.38505 0.264704 1.76946 1.69429 2.41293 0.732275 1.84525 1.44191 

0 0 0 0 0 0 0 0 1.13505 2.3299 2.21765 2.20192 0.0195589 1.17604 2.83213 1.00011 

0.893654 2.31137 1.29216 2.60432 2.93775 1.2537 0.164027 1.79443 2.34887 1.00607 1.5486 0.696343 2.95082 1.51521 1.69645 0.694471 

0.30142 0.189015 2.57456 2.42367 0.614796 2.8121 2.14979 2.06354 3.11137 0.105846 1.33283 1.53933 1.83313 0.2616 2.07394 0.164322 

1.74933 2.23689 1.53282 1.94025 0.671602 2.0284 1.19582 0.325823 1.18599 0.825802 0.758021 1.95697 1.64283 1.29822 0.684214 2.69723 

2.70494 0.892021 1.93331 2.44884 2.99974 2.88902 1.20893 0.510958 2.50307 0.357567 0.498961 1.11787 2.66331 1.83086 1.84153 2.90861 

1.80666 0.0313449 2.54273 1.91263 1.50769 0.84333 0.810834 1.51114 0.714214 0.152689 0.531689 0.811933 0.621753 1.90284 2.58774 2.54662 

2.5203 2.2246 2.69982 2.45385 0.640247 3.12068 0.29413 2.04398 0.675997 0.76615 1.06716 0.621603 1.59226 2.98689 1.2397 1.83615 

1.90549 2.24512 1.26146 2.69766 2.89179 2.35883 0.897213 2.50327 0.448512 1.58509 1.91853 2.21104 1.2043 2.28923 2.78749 0.175453 

0.434219 2.7114 1.32496 1.29218 3.01323 2.35697 3.08189 0.733612 0.302305 1.2082 1.57165 1.79151 3.06818 1.54835 1.25941 3.12585 

0.819949 2.09018 3.0293 2.10848 0.939886 1.66858 0.0045967 2.7765 1.27041 0.946265 2.98634 1.44717 0.903671 0.265862 1.82898 0.480879 

0.229633 1.8239 0.901683 1.13701 2.2771 2.69647 1.09301 3.02141 2.99573 0.647286 2.41351 1.93375 2.88688 1.89293 2.20583 2.33632 

1.20322 0.936248 2.17308 2.76604 2.90455 0.255263 1.51636 0.402957 0.794544 2.77705 0.616622 0.381244 1.70807 0.98841 1.20022 2.48669 

2.63636 2.13703 1.3098 2.0197 0.672557 1.93921 2.12118 1.88817 1.08796 1.1448 0.538724 2.4987 1.54776 1.11408 2.43493 0.743944 

2.65412 2.5652 2.6585 1.16298 1.20395 2.70596 1.45741 1.79243 2.18437 3.01881 1.71629 1.99986 1.79351 2.91261 2.7136 0.533566 

0.5614 0.764992 2.36178 0.625599 3.088 2.2294 0.551149 2.69642 2.857 3.02115 1.79259 1.76834 0.554998 1.61377 1.72308 0.519234 

0.373772 2.91079 1.86473 2.77596 1.33353 1.90776 0.22231 2.90526 2.01715 0.328295 2.19982 1.24346 0.266736 0.673805 0.781625 0.712052 

0 0 0 0 0 0 0 0 2.22891 0.466943 2.06753 1.99171 0.720387 0.572486 0.522612 0.470005 

0 0 0 0 0 0 0 0 2.3295 1.40703 2.2294 2.9667 0.547007 0.768422 2.01354 2.54033 

0 0 0 0 0 0 0 0 2.05676 0.0821415 2.46859 2.89832 1.54665 2.62012 0.41266 2.38693 

0 0 0 0 0 0 0 0 1.89903 2.96852 1.54077 1.37585 2.42737 2.33755 1.39142 0.166505 

0 0 0 0 0 0 0 0 2.5479 0.435619 2.77057 2.90144 0.0400728 1.18488 0.527196 1.69716 

0 0 0 0 0 0 0 0 0.124419 1.47454 0.471543 3.11428 1.34166 3.00139 2.27529 1.82493 

0 0 0 0 0 0 0 0 3.1326 0.715193 2.88883 2.0169 0.330873 0.842452 2.39969 2.53058 

0 0 0 0 0 0 0 0 0.59146 2.38508 0.0995549 2.01797 1.78088 1.18253 0.66774 2.48863 

0 0 0 0 0 0 0 0 2.17105 0.108362 1.53579 3.05171 0.353276 2.33487 2.00604 1.86668 

0 0 0 0 0 0 0 0 3.07175 0.294042 2.0789 1.89367 1.48854 1.11921 1.49407 2.10808 

0 0 0 0 0 0 0 0 1.58377 2.41392 0.889025 0.70799 1.04078 1.42393 2.31656 1.60185 

0.522295 0.726582 0.164018 2.83295 2.4922 1.17186 2.61398 2.36824 1.95364 1.23808 1.12871 0.279138 1.07341 1.7237 1.44685 2.02775 

1.61327 2.5586 0.30531 1.4568 1.85297 0.588018 1.92055 0.163181 1.8087 2.6463 1.56994 1.37924 0.468277 0.0888425 2.37715 2.50104 


Each parameter is listed at the order of the perceptron operation.


