
In the experiment for learning a two-qubit quantum channel, we choose the parameters as follow:


The parameters for the target quantum channel (unit: rad) :
4.75128 -1.90875 -1.46248 6.13849 -3.61362 -0.967065 4.56612 1.607 -2.05449 -0.397511 6.0257 -2.32345 -3.46955 -0.309164 -1.7135 0.921505 


We choose 30 initial parameters for training deep quantum neural networks (unit: rad) :
-2.42378 -0.582987 1.10541 0.270327 -0.897681 1.01532 1.12282 -2.31498 -0.379381 2.74698 0.44123 0.487822 1.66255 -1.58995 1.21803 -1.28891 

0.444225 0.847 -0.635285 -1.57781 2.73527 -0.321059 0.199705 0.847216 1.05633 -0.383191 -2.05467 1.22135 2.66989 -0.813007 0.87203 2.44843 

2.09746 0.665141 0.112577 2.78256 1.51554 1.26342 1.53761 2.34882 2.91616 3.02797 2.63035 -1.36043 -2.77324 2.01687 -2.01362 -2.92211 

2.81283 -2.93775 2.55192 -0.826253 1.02127 2.85021 -2.55017 1.16437 -0.550153 -2.4392 -0.0513018 -0.241573 2.36913 1.00681 -1.39509 0.987517 

0.913669 2.49583 2.40229 -1.03564 -0.45866 1.90861 2.65838 2.30419 -0.0021974 0.530823 2.66883 -2.09785 -0.789419 -1.51168 2.07647 -2.70066 

-3.06627 -2.30923 -1.82598 -1.79584 2.54968 -1.3963 -2.53148 1.77702 1.05257 0.707943 -0.981481 1.19593 -1.6741 -1.20619 -0.896606 -1.78004 

1.11388 1.48292 -3.07864 -0.905317 -1.63391 2.68674 1.65239 -0.757833 1.1684 1.24955 0.567989 2.90318 1.76775 0.241447 -2.5501 2.42536 

-1.5237 -0.229293 -1.06313 1.61335 1.90286 1.90454 2.36648 -2.59198 1.05503 0.0152177 -1.03319 0.556448 -0.930335 -1.84275 -1.49443 -2.52176 

-2.19872 -1.12457 0.593066 -2.17563 -2.7481 -3.0927 1.72323 1.14382 -2.38445 1.37761 -2.12463 -2.3866 1.13821 -2.23162 -2.77825 -2.29373 

-3.04872 -1.95333 -2.69635 -2.90371 -1.20719 0.0988694 -0.669092 3.11141 -0.379505 -2.19007 1.74704 1.51534 -2.59091 -0.185821 -1.30169 -0.585275 

0.851175 2.45843 -1.78263 1.15324 -1.16202 -2.98208 2.01218 -0.423055 -2.58423 2.73371 -0.68627 0.552491 -1.63466 0.964877 -0.838601 -0.11781 

2.44168 1.21343 2.76397 -0.520453 1.98405 1.91538 -0.877106 2.60007 -1.33005 -2.10486 -0.277324 -1.61593 -3.12952 0.724721 1.01302 1.00742 

-0.450813 2.04785 0.736303 -1.92344 1.93573 3.05133 -2.2079 2.21816 -1.64241 -0.521878 -1.11589 -0.414447 -1.08433 -2.51975 1.07552 -2.83146 

0.0139327 1.4866 -2.4371 2.41582 0.185672 -3.10707 -2.11826 -1.49335 -2.89737 1.14394 -2.96443 -0.00031914 -0.121297 -1.39154 0.568576 -1.3357 

-0.501749 -1.59768 -0.124897 1.06169 2.21404 2.79804 -2.33274 1.23556 -2.63841 -2.49089 -2.31725 0.0945959 -0.114473 -0.340025 1.8735 0.181824 

-0.0331302 -2.37409 -0.611849 -2.56848 1.38574 -0.990589 0.416606 0.97083 0.958193 1.26202 -1.2497 -2.60461 0.838401 -1.46753 2.47716 -1.25495 

0.987654 0.452099 -0.61507 2.73131 -0.876289 2.81307 -2.95232 -0.370101 1.26109 1.27544 0.0638783 0.705249 1.54798 1.89398 -1.02589 0.402708 

0.0311344 1.39556 1.64054 -1.45174 -1.92503 -2.73853 -0.468887 1.27013 2.99909 0.324104 -2.86635 0.516156 -1.39251 0.265114 -0.356125 -2.40517 

1.99122 -0.983275 -0.00919735 -2.40003 0.474485 0.0971647 -0.909323 2.28299 -0.980083 -0.270922 -1.64564 1.70377 -1.42374 0.157093 0.195492 2.34604 

-0.281281 0.692813 0.276398 0.115336 -1.3443 2.38143 2.74288 1.92397 2.94735 0.152273 -2.43242 0.943951 -1.94222 2.24269 2.78253 -2.49162 

-2.63922 1.47861 2.02727 -0.984006 -2.28621 1.04231 2.07622 1.09089 -2.26535 -0.761353 1.12069 0.10006 3.00371 -1.45943 2.30537 -0.793222 

-5.53286 -0.493512 5.62721 -2.58765 -3.06319 -3.2902 2.5834 0.404906 2.51212 0.781217 -2.43141 -5.02067 -1.40991 0.716679 0.455451 4.46249 

1.43691 4.86868 6.17551 -2.21982 -3.47535 2.26171 -1.0311 -2.77718 4.43761 0.589068 -2.5712 -3.43608 -1.40246 4.19486 -0.693552 -2.5819 

-1.40826 1.99198 -1.80109 -5.08941 5.10953 -3.81892 -0.347583 -4.50835 -1.37547 -5.77117 4.21382 0.515163 -2.27625 2.50842 -1.1351 3.90606 

-3.89314 4.73533 3.16812 -1.32358 -4.2179 5.11422 -5.95973 -5.4101 -2.58033 3.88268 1.61127 1.68347 -4.57727 -2.01687 2.27791 1.21697 

2.23774 -5.95723 -1.00054 2.26197 -5.87898 -1.88441 -4.28956 1.05177 2.7813 -1.27404 4.33341 5.78202 -0.267907 3.59129 -5.61852 0.927009 

2.25607 -3.65215 3.72557 -4.03543 5.95985 4.06775 -1.52767 -1.26089 2.8751 4.73357 -3.70694 4.50028 2.07733 6.20276 0.442537 -4.03456 

-1.32106 -3.82755 -0.479363 4.09474 -1.12205 -0.424211 2.4763 1.94225 0.660263 -3.87414 -3.26251 -3.9354 -6.09759 -4.57123 -3.13322 0.906962 

4.69452 1.16887 1.02018 2.73684 2.23681 -6.11914 -2.44989 -3.95099 3.44398 0.779486 -2.52333 6.04825 5.50032 -2.00326 -4.58781 4.94379 

4.83574 -6.06498 4.48242 -1.49522 3.34028 3.07093 3.57521 -1.93652 -5.40413 -2.83366 1.24373 -4.45006 3.77806 -4.58587 0.312666 6.06847 



Each parameter is listed at the order of the perceptron operation.

